  18  18  18  18  18  18  18  18  18  18  18  18  18  18  18  18  18  18  15  15  15  15  15  15  15  15  15  15  15  15  15  15  15
  18  18  18  18  18  18  18  18  18  18  18  18  18  18  18  18  18  18  15  15  15  15  15  15  15  15  15  15  15  15  15  15  15
  18  18  18  18  18  18  18  18  18  18  18  18  18  18  18  18  18  18  15  15  15  15  15  15  15  15  15  15  15  15  15  15  15
  18  18  18  18  18  18  18  18  18  18  18  18  18  18  18  18  18  18  15  15  15  15  15  15  15  15  15  15  15  15  15  15  15
  18  18  18  18  18  18  18  18  18  18  18  18  18  18  18  18  18  18  15  15  15  15  15  15  15  15  15  15  15  15  15  15  15
  18  18  18  18  18  18  18  18  18  18  18  18  18  18  18  18  18  18  15  15  15  15  15  15  15  15  15  15  15  15  15  15  15
  18  18  18  18  18  18  18  18  18  18  18  18  18  18  18  18  18  18  15  15  15  15  15  15  15  15  15  15  15  15  15  15  15
  18  18  18  18  18  18  18  18  18  18  18  18  18  18  18  18  18  18  15  15  15  15  15  15  15  15  15  15  15  15  15  15  15
  18  18  18  18  18  18  18  18  18  18  18  18  18  18  18  18  18  18  15  15  15  15  15  15  15  15  15  15  15  15  15  15  15
  18  18  18  18  18  18  18  18  18  18  18  18  18  18  18  18  18  18  15  15  15  15  15  15  15  15  15  15  15  15  15  15  15
  18  18  18  18  18  18  18  18  18  18  18  18  18  18  18  18  18  18  15  15  15  15  15  15  15  15  15  15  15  15  15  15  15
  18  18  18  18  18  18  18  18  18  18  18  18  18  18  18  18  18  18  15  15  15  15  15  15  15  15  15  15  15  15  15  15  15
  18  18  18  18  18  18  18  18  18  18  18  18  18  18  18  18  18  18  15  15  15  15  15  15  15  15  15  15  15  15  15  15  15
  18  18  18  18  18  18  18  18  18  18  18  18  18  18  18  18  18  18  15  15  15  15  15  15  15  15  15  15  15  15  15  15  15
  18  18  18  18  18  18  18  18  18  18  18  18  18  18  18  18  18  18  15  15  15  15  15  15  15  15  15  15  15  15  15  15  15
  18  18  18  18  18  18  18  18  18  18  18  18  18  18  18  18  18  18   7   7   7   7   7   7   7   8   8   8   8   8   8   8   8
  18  18  18  18  18  18  18  18  18  18  18  18  18  18  18  18  18  18   7   7   7   7   7   7   7   8   8   8   8   8   8   8   8
  18  18  18  18  18  18  18  18  18  18  18  18  18  18  18  18  18  18   7   7   7   7   7   7   7   8   8   8   8   8   8   8   8
  14  14  14  14  14  14  14  14  14  14  14  14  14  14   4   4   4   4   7   7   7   7   7   7   7   8   8   8   8   8   8   8   8
  14  14  14  14  14  14  14  14  14  14  14  14  14  14   4   4   4   4   7   7   7   7   7   7   7   8   8   8   8   8   8   8   8
  14  14  14  14  14  14  14  14  14  14  14  14  14  14   4   4   4   4   7   7   7   7   7   7   7   8   8   8   8   8   8   8   8
  14  14  14  14  14  14  14  14  14  14  14  14  14  14   4   4   4   4   7   7   7   7   7   7   7   8   8   8   8   8   8   8   8
  14  14  14  14  14  14  14  14  14  14  14  14  14  14  10  10  10  10  10  10  10  10  10  10   1   8   8   8   8   8   8   8   8
  14  14  14  14  14  14  14  14  14  14  14  14  14  14  10  10  10  10  10  10  10  10  10  10   9   9   9   9   9   9   9   9   9
  14  14  14  14  14  14  14  14  14  14  14  14  14  14  10  10  10  10  10  10  10  10  10  10   9   9   9   9   9   9   9   9   9
  14  14  14  14  14  14  14  14  14  14  14  14  14  14  10  10  10  10  10  10  10  10  10  10   9   9   9   9   9   9   9   9   9
  14  14  14  14  14  14  14  14  14  14  14  14  14  14  10  10  10  10  10  10  10  10  10  10   9   9   9   9   9   9   9   9   9
  14  14  14  14  14  14  14  14  14  14  14  14  14  14  10  10  10  10  10  10  10  10  10  10   9   9   9   9   9   9   9   9   9
  14  14  14  14  14  14  14  14  14  14  14  14  14  14  10  10  10  10  10  10  10  10  10  10   9   9   9   9   9   9   9   9   9
  14  14  14  14  14  14  14  14  14  14  14  14  14  14  10  10  10  10  10  10  10  10  10  10   9   9   9   9   9   9   9   9   9
  14  14  14  14  14  14  14  14  14  14  14  14  14  14  10  10  10  10  10  10  10  10  10  10   9   9   9   9   9   9   9   9   9
  14  14  14  14  14  14  14  14  14  14  14  14  14  14  10  10  10  10  10  10  10  10  10  10   9   9   9   9   9   9   9   9   9
