  50  50  50  50  50  50  50  50  50  50  50  50  50  50  50  50  50  50  50  50  50  50  50  50  50  50  50  50  50  50  50  50  50  50  50  50  50  50  50  50  50  50  50  50  50  50  50  50  50  50  35  35  35  35  35  35  35  35  35  35  35  35  35  35  35  35  35  35  35  35  35  35  35  35  35  35  35  35  35  35  35  35  35  35  35  27  27  27  27  27  27  27  27  27  27  27  27  27  27  27  27  27  27  27  27  27  27  27  27  27  27  27
  50  50  50  50  50  50  50  50  50  50  50  50  50  50  50  50  50  50  50  50  50  50  50  50  50  50  50  50  50  50  50  50  50  50  50  50  50  50  50  50  50  50  50  50  50  50  50  50  50  50  35  35  35  35  35  35  35  35  35  35  35  35  35  35  35  35  35  35  35  35  35  35  35  35  35  35  35  35  35  35  35  35  35  35  35  27  27  27  27  27  27  27  27  27  27  27  27  27  27  27  27  27  27  27  27  27  27  27  27  27  27  27
  50  50  50  50  50  50  50  50  50  50  50  50  50  50  50  50  50  50  50  50  50  50  50  50  50  50  50  50  50  50  50  50  50  50  50  50  50  50  50  50  50  50  50  50  50  50  50  50  50  50  35  35  35  35  35  35  35  35  35  35  35  35  35  35  35  35  35  35  35  35  35  35  35  35  35  35  35  35  35  35  35  35  35  35  35  27  27  27  27  27  27  27  27  27  27  27  27  27  27  27  27  27  27  27  27  27  27  27  27  27  27  27
  50  50  50  50  50  50  50  50  50  50  50  50  50  50  50  50  50  50  50  50  50  50  50  50  50  50  50  50  50  50  50  50  50  50  50  50  50  50  50  50  50  50  50  50  50  50  50  50  50  50  35  35  35  35  35  35  35  35  35  35  35  35  35  35  35  35  35  35  35  35  35  35  35  35  35  35  35  35  35  35  35  35  35  35  35  27  27  27  27  27  27  27  27  27  27  27  27  27  27  27  27  27  27  27  27  27  27  27  27  27  27  27
  50  50  50  50  50  50  50  50  50  50  50  50  50  50  50  50  50  50  50  50  50  50  50  50  50  50  50  50  50  50  50  50  50  50  50  50  50  50  50  50  50  50  50  50  50  50  50  50  50  50  35  35  35  35  35  35  35  35  35  35  35  35  35  35  35  35  35  35  35  35  35  35  35  35  35  35  35  35  35  35  35  35  35  35  35  27  27  27  27  27  27  27  27  27  27  27  27  27  27  27  27  27  27  27  27  27  27  27  27  27  27  27
  50  50  50  50  50  50  50  50  50  50  50  50  50  50  50  50  50  50  50  50  50  50  50  50  50  50  50  50  50  50  50  50  50  50  50  50  50  50  50  50  50  50  50  50  50  50  50  50  50  50  35  35  35  35  35  35  35  35  35  35  35  35  35  35  35  35  35  35  35  35  35  35  35  35  35  35  35  35  35  35  35  35  35  35  35  27  27  27  27  27  27  27  27  27  27  27  27  27  27  27  27  27  27  27  27  27  27  27  27  27  27  27
  50  50  50  50  50  50  50  50  50  50  50  50  50  50  50  50  50  50  50  50  50  50  50  50  50  50  50  50  50  50  50  50  50  50  50  50  50  50  50  50  50  50  50  50  50  50  50  50  50  50  35  35  35  35  35  35  35  35  35  35  35  35  35  35  35  35  35  35  35  35  35  35  35  35  35  35  35  35  35  35  35  35  35  35  35  27  27  27  27  27  27  27  27  27  27  27  27  27  27  27  27  27  27  27  27  27  27  27  27  27  27  27
  50  50  50  50  50  50  50  50  50  50  50  50  50  50  50  50  50  50  50  50  50  50  50  50  50  50  50  50  50  50  50  50  50  50  50  50  50  50  50  50  50  50  50  50  50  50  50  50  50  50  35  35  35  35  35  35  35  35  35  35  35  35  35  35  35  35  35  35  35  35  35  35  35  35  35  35  35  35  35  35  35  35  35  35  35  27  27  27  27  27  27  27  27  27  27  27  27  27  27  27  27  27  27  27  27  27  27  27  27  27  27  27
  50  50  50  50  50  50  50  50  50  50  50  50  50  50  50  50  50  50  50  50  50  50  50  50  50  50  50  50  50  50  50  50  50  50  50  50  50  50  50  50  50  50  50  50  50  50  50  50  50  50  35  35  35  35  35  35  35  35  35  35  35  35  35  35  35  35  35  35  35  35  35  35  35  35  35  35  35  35  35  35  35  35  35  35  35  27  27  27  27  27  27  27  27  27  27  27  27  27  27  27  27  27  27  27  27  27  27  27  27  27  27  27
  50  50  50  50  50  50  50  50  50  50  50  50  50  50  50  50  50  50  50  50  50  50  50  50  50  50  50  50  50  50  50  50  50  50  50  50  50  50  50  50  50  50  50  50  50  50  50  50  50  50  35  35  35  35  35  35  35  35  35  35  35  35  35  35  35  35  35  35  35  35  35  35  35  35  35  35  35  35  35  35  35  35  35  35  35  27  27  27  27  27  27  27  27  27  27  27  27  27  27  27  27  27  27  27  27  27  27  27  27  27  27  27
  50  50  50  50  50  50  50  50  50  50  50  50  50  50  50  50  50  50  50  50  50  50  50  50  50  50  50  50  50  50  50  50  50  50  50  50  50  50  50  50  50  50  50  50  50  50  50  50  50  50  35  35  35  35  35  35  35  35  35  35  35  35  35  35  35  35  35  35  35  35  35  35  35  35  35  35  35  35  35  35  35  35  35  35  35  27  27  27  27  27  27  27  27  27  27  27  27  27  27  27  27  27  27  27  27  27  27  27  27  27  27  27
  50  50  50  50  50  50  50  50  50  50  50  50  50  50  50  50  50  50  50  50  50  50  50  50  50  50  50  50  50  50  50  50  50  50  50  50  50  50  50  50  50  50  50  50  50  50  50  50  50  50  35  35  35  35  35  35  35  35  35  35  35  35  35  35  35  35  35  35  35  35  35  35  35  35  35  35  35  35  35  35  35  35  35  35  35  27  27  27  27  27  27  27  27  27  27  27  27  27  27  27  27  27  27  27  27  27  27  27  27  27  27  27
  50  50  50  50  50  50  50  50  50  50  50  50  50  50  50  50  50  50  50  50  50  50  50  50  50  50  50  50  50  50  50  50  50  50  50  50  50  50  50  50  50  50  50  50  50  50  50  50  50  50  35  35  35  35  35  35  35  35  35  35  35  35  35  35  35  35  35  35  35  35  35  35  35  35  35  35  35  35  35  35  35  35  35  35  35  27  27  27  27  27  27  27  27  27  27  27  27  27  27  27  27  27  27  27  27  27  27  27  27  27  27  27
  50  50  50  50  50  50  50  50  50  50  50  50  50  50  50  50  50  50  50  50  50  50  50  50  50  50  50  50  50  50  50  50  50  50  50  50  50  50  50  50  50  50  50  50  50  50  50  50  50  50  35  35  35  35  35  35  35  35  35  35  35  35  35  35  35  35  35  35  35  35  35  35  35  35  35  35  35  35  35  35  35  35  35  35  35  27  27  27  27  27  27  27  27  27  27  27  27  27  27  27  27  27  27  27  27  27  27  27  27  27  27  27
  50  50  50  50  50  50  50  50  50  50  50  50  50  50  50  50  50  50  50  50  50  50  50  50  50  50  50  50  50  50  50  50  50  50  50  50  50  50  50  50  50  50  50  50  50  50  50  50  50  50  35  35  35  35  35  35  35  35  35  35  35  35  35  35  35  35  35  35  35  35  35  35  35  35  35  35  35  35  35  35  35  35  35  35  35  27  27  27  27  27  27  27  27  27  27  27  27  27  27  27  27  27  27  27  27  27  27  27  27  27  27  27
  50  50  50  50  50  50  50  50  50  50  50  50  50  50  50  50  50  50  50  50  50  50  50  50  50  50  50  50  50  50  50  50  50  50  50  50  50  50  50  50  50  50  50  50  50  50  50  50  50  50  35  35  35  35  35  35  35  35  35  35  35  35  35  35  35  35  35  35  35  35  35  35  35  35  35  35  35  35  35  35  35  35  35  35  35  27  27  27  27  27  27  27  27  27  27  27  27  27  27  27  27  27  27  27  27  27  27  27  27  27  27  27
  50  50  50  50  50  50  50  50  50  50  50  50  50  50  50  50  50  50  50  50  50  50  50  50  50  50  50  50  50  50  50  50  50  50  50  50  50  50  50  50  50  50  50  50  50  50  50  50  50  50  35  35  35  35  35  35  35  35  35  35  35  35  35  35  35  35  35  35  35  35  35  35  35  35  35  35  35  35  35  35  35  35  35  35  35  27  27  27  27  27  27  27  27  27  27  27  27  27  27  27  27  27  27  27  27  27  27  27  27  27  27  27
  50  50  50  50  50  50  50  50  50  50  50  50  50  50  50  50  50  50  50  50  50  50  50  50  50  50  50  50  50  50  50  50  50  50  50  50  50  50  50  50  50  50  50  50  50  50  50  50  50  50  35  35  35  35  35  35  35  35  35  35  35  35  35  35  35  35  35  35  35  35  35  35  35  35  35  35  35  35  35  35  35  35  35  35  35  27  27  27  27  27  27  27  27  27  27  27  27  27  27  27  27  27  27  27  27  27  27  27  27  27  27  27
  50  50  50  50  50  50  50  50  50  50  50  50  50  50  50  50  50  50  50  50  50  50  50  50  50  50  50  50  50  50  50  50  50  50  50  50  50  50  50  50  50  50  50  50  50  50  50  50  50  50  35  35  35  35  35  35  35  35  35  35  35  35  35  35  35  35  35  35  35  35  35  35  35  35  35  35  35  35  35  35  35  35  35  35  35  27  27  27  27  27  27  27  27  27  27  27  27  27  27  27  27  27  27  27  27  27  27  27  27  27  27  27
  50  50  50  50  50  50  50  50  50  50  50  50  50  50  50  50  50  50  50  50  50  50  50  50  50  50  50  50  50  50  50  50  50  50  50  50  50  50  50  50  50  50  50  50  50  50  50  50  50  50  35  35  35  35  35  35  35  35  35  35  35  35  35  35  35  35  35  35  35  35  35  35  35  35  35  35  35  35  35  35  35  35  35  35  35  27  27  27  27  27  27  27  27  27  27  27  27  27  27  27  27  27  27  27  27  27  27  27  27  27  27  27
  50  50  50  50  50  50  50  50  50  50  50  50  50  50  50  50  50  50  50  50  50  50  50  50  50  50  50  50  50  50  50  50  50  50  50  50  50  50  50  50  50  50  50  50  50  50  50  50  50  50  35  35  35  35  35  35  35  35  35  35  35  35  35  35  35  35  35  35  35  35  35  35  35  35  35  35  35  35  35  35  35  35  35  35  35  27  27  27  27  27  27  27  27  27  27  27  27  27  27  27  27  27  27  27  27  27  27  27  27  27  27  27
  50  50  50  50  50  50  50  50  50  50  50  50  50  50  50  50  50  50  50  50  50  50  50  50  50  50  50  50  50  50  50  50  50  50  50  50  50  50  50  50  50  50  50  50  50  50  50  50  50  50  35  35  35  35  35  35  35  35  35  35  35  35  35  35  35  35  35  35  35  35  35  35  35  35  35  35  35  35  35  35  35  35  35  35  35  27  27  27  27  27  27  27  27  27  27  27  27  27  27  27  27  27  27  27  27  27  27  27  27  27  27  27
  50  50  50  50  50  50  50  50  50  50  50  50  50  50  50  50  50  50  50  50  50  50  50  50  50  50  50  50  50  50  50  50  50  50  50  50  50  50  50  50  50  50  50  50  50  50  50  50  50  50  35  35  35  35  35  35  35  35  35  35  35  35  35  35  35  35  35  35  35  35  35  35  35  35  35  35  35  35  35  35  35  35  35  35  35  27  27  27  27  27  27  27  27  27  27  27  27  27  27  27  27  27  27  27  27  27  27  27  27  27  27  27
  50  50  50  50  50  50  50  50  50  50  50  50  50  50  50  50  50  50  50  50  50  50  50  50  50  50  50  50  50  50  50  50  50  50  50  50  50  50  50  50  50  50  50  50  50  50  50  50  50  50  35  35  35  35  35  35  35  35  35  35  35  35  35  35  35  35  35  35  35  35  35  35  35  35  35  35  35  35  35  35  35  35  35  35  35  27  27  27  27  27  27  27  27  27  27  27  27  27  27  27  27  27  27  27  27  27  27  27  27  27  27  27
  50  50  50  50  50  50  50  50  50  50  50  50  50  50  50  50  50  50  50  50  50  50  50  50  50  50  50  50  50  50  50  50  50  50  50  50  50  50  50  50  50  50  50  50  50  50  50  50  50  50  35  35  35  35  35  35  35  35  35  35  35  35  35  35  35  35  35  35  35  35  35  35  35  35  35  35  35  35  35  35  35  35  35  35  35  27  27  27  27  27  27  27  27  27  27  27  27  27  27  27  27  27  27  27  27  27  27  27  27  27  27  27
  50  50  50  50  50  50  50  50  50  50  50  50  50  50  50  50  50  50  50  50  50  50  50  50  50  50  50  50  50  50  50  50  50  50  50  50  50  50  50  50  50  50  50  50  50  50  50  50  50  50  35  35  35  35  35  35  35  35  35  35  35  35  35  35  35  35  35  35  35  35  35  35  35  35  35  35  35  35  35  35  35  35  35  35  35  27  27  27  27  27  27  27  27  27  27  27  27  27  27  27  27  27  27  27  27  27  27  27  27  27  27  27
  50  50  50  50  50  50  50  50  50  50  50  50  50  50  50  50  50  50  50  50  50  50  50  50  50  50  50  50  50  50  50  50  50  50  50  50  50  50  50  50  50  50  50  50  50  50  50  50  50  50  35  35  35  35  35  35  35  35  35  35  35  35  35  35  35  35  35  35  35  35  35  35  35  35  35  35  35  35  35  35  35  35  35  35  35  27  27  27  27  27  27  27  27  27  27  27  27  27  27  27  27  27  27  27  27  27  27  27  27  27  27  27
  50  50  50  50  50  50  50  50  50  50  50  50  50  50  50  50  50  50  50  50  50  50  50  50  50  50  50  50  50  50  50  50  50  50  50  50  50  50  50  50  50  50  50  50  50  50  50  50  50  50  35  35  35  35  35  35  35  35  35  35  35  35  35  35  35  35  35  35  35  35  35  35  35  35  35  35  35  35  35  35  35  35  35  35  35   8   8   8   8   8   8   8   8  19  19  19  19  19  19  19  19  19  19  19  19  19  19  19  19  19  19  19
  50  50  50  50  50  50  50  50  50  50  50  50  50  50  50  50  50  50  50  50  50  50  50  50  50  50  50  50  50  50  50  50  50  50  50  50  50  50  50  50  50  50  50  50  50  50  50  50  50  50  35  35  35  35  35  35  35  35  35  35  35  35  35  35  35  35  35  35  35  35  35  35  35  35  35  35  35  35  35  35  35  35  35  35  35   8   8   8   8   8   8   8   8  19  19  19  19  19  19  19  19  19  19  19  19  19  19  19  19  19  19  19
  50  50  50  50  50  50  50  50  50  50  50  50  50  50  50  50  50  50  50  50  50  50  50  50  50  50  50  50  50  50  50  50  50  50  50  50  50  50  50  50  50  50  50  50  50  50  50  50  50  50  35  35  35  35  35  35  35  35  35  35  35  35  35  35  35  35  35  35  35  35  35  35  35  35  35  35  35  35  35  35  35  35  35  35  35   8   8   8   8   8   8   8   8  19  19  19  19  19  19  19  19  19  19  19  19  19  19  19  19  19  19  19
  50  50  50  50  50  50  50  50  50  50  50  50  50  50  50  50  50  50  50  50  50  50  50  50  50  50  50  50  50  50  50  50  50  50  50  50  50  50  50  50  50  50  50  50  50  50  50  50  50  50  35  35  35  35  35  35  35  35  35  35  35  35  35  35  35  35  35  35  35  35  35  35  35  35  35  35  35  35  35  35  35  35  35  35  35   8   8   8   8   8   8   8   8  19  19  19  19  19  19  19  19  19  19  19  19  19  19  19  19  19  19  19
  50  50  50  50  50  50  50  50  50  50  50  50  50  50  50  50  50  50  50  50  50  50  50  50  50  50  50  50  50  50  50  50  50  50  50  50  50  50  50  50  50  50  50  50  50  50  50  50  50  50  35  35  35  35  35  35  35  35  35  35  35  35  35  35  35  35  35  35  35  35  35  35  35  35  35  35  35  35  35  35  35  35  35  35  35   8   8   8   8   8   8   8   8  19  19  19  19  19  19  19  19  19  19  19  19  19  19  19  19  19  19  19
  50  50  50  50  50  50  50  50  50  50  50  50  50  50  50  50  50  50  50  50  50  50  50  50  50  50  50  50  50  50  50  50  50  50  50  50  50  50  50  50  50  50  50  50  50  50  50  50  50  50  35  35  35  35  35  35  35  35  35  35  35  35  35  35  35  35  35  35  35  35  35  35  35  35  35  35  35  35  35  35  35  35  35  35  35   8   8   8   8   8   8   8   8  19  19  19  19  19  19  19  19  19  19  19  19  19  19  19  19  19  19  19
  50  50  50  50  50  50  50  50  50  50  50  50  50  50  50  50  50  50  50  50  50  50  50  50  50  50  50  50  50  50  50  50  50  50  50  50  50  50  50  50  50  50  50  50  50  50  50  50  50  50  35  35  35  35  35  35  35  35  35  35  35  35  35  35  35  35  35  35  35  35  35  35  35  35  35  35  35  35  35  35  35  35  35  35  35   8   8   8   8   8   8   8   8  19  19  19  19  19  19  19  19  19  19  19  19  19  19  19  19  19  19  19
  50  50  50  50  50  50  50  50  50  50  50  50  50  50  50  50  50  50  50  50  50  50  50  50  50  50  50  50  50  50  50  50  50  50  50  50  50  50  50  50  50  50  50  50  50  50  50  50  50  50  35  35  35  35  35  35  35  35  35  35  35  35  35  35  35  35  35  35  35  35  35  35  35  35  35  35  35  35  35  35  35  35  35  35  35   8   8   8   8   8   8   8   8  19  19  19  19  19  19  19  19  19  19  19  19  19  19  19  19  19  19  19
  50  50  50  50  50  50  50  50  50  50  50  50  50  50  50  50  50  50  50  50  50  50  50  50  50  50  50  50  50  50  50  50  50  50  50  50  50  50  50  50  50  50  50  50  50  50  50  50  50  50  15  15  15  15  15  15  15  15  15  15  15  15  15  15  15  17  17  17  17  17  17  17  17  17  17  17  17  17  17  17  17  17  11  11  11  11  11  11  11  11  11  11  11  19  19  19  19  19  19  19  19  19  19  19  19  19  19  19  19  19  19  19
  50  50  50  50  50  50  50  50  50  50  50  50  50  50  50  50  50  50  50  50  50  50  50  50  50  50  50  50  50  50  50  50  50  50  50  50  50  50  50  50  50  50  50  50  50  50  50  50  50  50  15  15  15  15  15  15  15  15  15  15  15  15  15  15  15  17  17  17  17  17  17  17  17  17  17  17  17  17  17  17  17  17  11  11  11  11  11  11  11  11  11  11  11  19  19  19  19  19  19  19  19  19  19  19  19  19  19  19  19  19  19  19
  50  50  50  50  50  50  50  50  50  50  50  50  50  50  50  50  50  50  50  50  50  50  50  50  50  50  50  50  50  50  50  50  50  50  50  50  50  50  50  50  50  50  50  50  50  50  50  50  50  50  15  15  15  15  15  15  15  15  15  15  15  15  15  15  15  17  17  17  17  17  17  17  17  17  17  17  17  17  17  17  17  17  11  11  11  11  11  11  11  11  11  11  11  19  19  19  19  19  19  19  19  19  19  19  19  19  19  19  19  19  19  19
  50  50  50  50  50  50  50  50  50  50  50  50  50  50  50  50  50  50  50  50  50  50  50  50  50  50  50  50  50  50  50  50  50  50  50  50  50  50  50  50  50  50  50  50  50  50  50  50  50  50  15  15  15  15  15  15  15  15  15  15  15  15  15  15  15  17  17  17  17  17  17  17  17  17  17  17  17  17  17  17  17  17  11  11  11  11  11  11  11  11  11  11  11  19  19  19  19  19  19  19  19  19  19  19  19  19  19  19  19  19  19  19
  50  50  50  50  50  50  50  50  50  50  50  50  50  50  50  50  50  50  50  50  50  50  50  50  50  50  50  50  50  50  50  50  50  50  50  50  50  50  50  50  50  50  50  50  50  50  50  50  50  50  15  15  15  15  15  15  15  15  15  15  15  15  15  15  15  17  17  17  17  17  17  17  17  17  17  17  17  17  17  17  17  17  11  11  11  11  11  11  11  11  11  11  11  19  19  19  19  19  19  19  19  19  19  19  19  19  19  19  19  19  19  19
  50  50  50  50  50  50  50  50  50  50  50  50  50  50  50  50  50  50  50  50  50  50  50  50  50  50  50  50  50  50  50  50  50  50  50  50  50  50  50  50  50  50  50  50  50  50  50  50  50  50  15  15  15  15  15  15  15  15  15  15  15  15  15  15  15  17  17  17  17  17  17  17  17  17  17  17  17  17  17  17  17  17  11  11  11  11  11  11  11  11  11  11  11  19  19  19  19  19  19  19  19  19  19  19  19  19  19  19  19  19  19  19
  50  50  50  50  50  50  50  50  50  50  50  50  50  50  50  50  50  50  50  50  50  50  50  50  50  50  50  50  50  50  50  50  50  50  50  50  50  50  50  50  50  50  50  50  50  50  50  50  50  50  15  15  15  15  15  15  15  15  15  15  15  15  15  15  15  17  17  17  17  17  17  17  17  17  17  17  17  17  17  17  17  17  11  11  11  11  11  11  11  11  11  11  11  19  19  19  19  19  19  19  19  19  19  19  19  19  19  19  19  19  19  19
  50  50  50  50  50  50  50  50  50  50  50  50  50  50  50  50  50  50  50  50  50  50  50  50  50  50  50  50  50  50  50  50  50  50  50  50  50  50  50  50  50  50  50  50  50  50  50  50  50  50  15  15  15  15  15  15  15  15  15  15  15  15  15  15  15  17  17  17  17  17  17  17  17  17  17  17  17  17  17  17  17  17  11  11  11  11  11  11  11  11  11  11  11  19  19  19  19  19  19  19  19  19  19  19  19  19  19  19  19  19  19  19
  50  50  50  50  50  50  50  50  50  50  50  50  50  50  50  50  50  50  50  50  50  50  50  50  50  50  50  50  50  50  50  50  50  50  50  50  50  50  50  50  50  50  50  50  50  50  50  50  50  50  15  15  15  15  15  15  15  15  15  15  15  15  15  15  15  17  17  17  17  17  17  17  17  17  17  17  17  17  17  17  17  17  11  11  11  11  11  11  11  11  11  11  11  19  19  19  19  19  19  19  19  19  19  19  19  19  19  19  19  19  19  19
  50  50  50  50  50  50  50  50  50  50  50  50  50  50  50  50  50  50  50  50  50  50  50  50  50  50  50  50  50  50  50  50  50  50  50  50  50  50  50  50  50  50  50  50  50  50  50  50  50  50  15  15  15  15  15  15  15  15  15  15  15  15  15  15  15  17  17  17  17  17  17  17  17  17  17  17  17  17  17  17  17  17  11  11  11  11  11  11  11  11  11  11  11  19  19  19  19  19  19  19  19  19  19  19  19  19  19  19  19  19  19  19
  50  50  50  50  50  50  50  50  50  50  50  50  50  50  50  50  50  50  50  50  50  50  50  50  50  50  50  50  50  50  50  50  50  50  50  50  50  50  50  50  50  50  50  50  50  50  50  50  50  50  15  15  15  15  15  15  15  15  15  15  15  15  15  15  15  17  17  17  17  17  17  17  17  17  17  17  17  17  17  17  17  17  11  11  11  11  11  11  11  11  11  11  11  19  19  19  19  19  19  19  19  19  19  19  19  19  19  19  19  19  19  19
  50  50  50  50  50  50  50  50  50  50  50  50  50  50  50  50  50  50  50  50  50  50  50  50  50  50  50  50  50  50  50  50  50  50  50  50  50  50  50  50  50  50  50  50  50  50  50  50  50  50  15  15  15  15  15  15  15  15  15  15  15  15  15  15  15  17  17  17  17  17  17  17  17  17  17  17  17  17  17  17  17  17   6   6   6   6   6   6  24  24  24  24  24  24  24  24  24  24  24  24  24  24  24  24  24  24  24  24  24  24  24  24
  50  50  50  50  50  50  50  50  50  50  50  50  50  50  50  50  50  50  50  50  50  50  50  50  50  50  50  50  50  50  50  50  50  50  50  50  50  50  50  50  50  50  50  50  50  50  50  50  50  50  15  15  15  15  15  15  15  15  15  15  15  15  15  15  15  17  17  17  17  17  17  17  17  17  17  17  17  17  17  17  17  17   6   6   6   6   6   6  24  24  24  24  24  24  24  24  24  24  24  24  24  24  24  24  24  24  24  24  24  24  24  24
  50  50  50  50  50  50  50  50  50  50  50  50  50  50  50  50  50  50  50  50  50  50  50  50  50  50  50  50  50  50  50  50  50  50  50  50  50  50  50  50  50  50  50  50  50  50  50  50  50  50  15  15  15  15  15  15  15  15  15  15  15  15  15  15  15  17  17  17  17  17  17  17  17  17  17  17  17  17  17  17  17  17   6   6   6   6   6   6  24  24  24  24  24  24  24  24  24  24  24  24  24  24  24  24  24  24  24  24  24  24  24  24
  50  50  50  50  50  50  50  50  50  50  50  50  50  50  50  50  50  50  50  50  50  50  50  50  50  50  50  50  50  50  50  50  50  50  50  50  50  50  50  50  50  50  50  50  50  50  50  50  50  50  15  15  15  15  15  15  15  15  15  15  15  15  15  15  15  17  17  17  17  17  17  17  17  17  17  17  17  17  17  17  17  17   6   6   6   6   6   6  24  24  24  24  24  24  24  24  24  24  24  24  24  24  24  24  24  24  24  24  24  24  24  24
  29  29  29  29  29  29  29  29  29  29  29  29  29  29  29  29  29  29  29  29  29  29  29  29  29  29  29  29  29  25  25  25  25  25  25  25  25  25  25  25  25  25  25  25  25  25  25  25  25  25  25  25  25  25   9   9   9   9   9   9   9   9   9   1   0  17  17  17  17  17  17  17  17  17  17  17  17  17  17  17  17  17   6   6   6   6   6   6  24  24  24  24  24  24  24  24  24  24  24  24  24  24  24  24  24  24  24  24  24  24  24  24
  29  29  29  29  29  29  29  29  29  29  29  29  29  29  29  29  29  29  29  29  29  29  29  29  29  29  29  29  29  25  25  25  25  25  25  25  25  25  25  25  25  25  25  25  25  25  25  25  25  25  25  25  25  25   9   9   9   9   9   9   9   9   9   0   0  17  17  17  17  17  17  17  17  17  17  17  17  17  17  17  17  17   6   6   6   6   6   6  24  24  24  24  24  24  24  24  24  24  24  24  24  24  24  24  24  24  24  24  24  24  24  24
  29  29  29  29  29  29  29  29  29  29  29  29  29  29  29  29  29  29  29  29  29  29  29  29  29  29  29  29  29  25  25  25  25  25  25  25  25  25  25  25  25  25  25  25  25  25  25  25  25  25  25  25  25  25   9   9   9   9   9   9   9   9   9   7   7   7   7   7   7   7  18  18  18  18  18  18  18  18  18  18  18  18  18  18  18  18  18  18  24  24  24  24  24  24  24  24  24  24  24  24  24  24  24  24  24  24  24  24  24  24  24  24
  29  29  29  29  29  29  29  29  29  29  29  29  29  29  29  29  29  29  29  29  29  29  29  29  29  29  29  29  29  25  25  25  25  25  25  25  25  25  25  25  25  25  25  25  25  25  25  25  25  25  25  25  25  25   9   9   9   9   9   9   9   9   9   7   7   7   7   7   7   7  18  18  18  18  18  18  18  18  18  18  18  18  18  18  18  18  18  18  24  24  24  24  24  24  24  24  24  24  24  24  24  24  24  24  24  24  24  24  24  24  24  24
  29  29  29  29  29  29  29  29  29  29  29  29  29  29  29  29  29  29  29  29  29  29  29  29  29  29  29  29  29  25  25  25  25  25  25  25  25  25  25  25  25  25  25  25  25  25  25  25  25  25  25  25  25  25   9   9   9   9   9   9   9   9   9   7   7   7   7   7   7   7  18  18  18  18  18  18  18  18  18  18  18  18  18  18  18  18  18  18  24  24  24  24  24  24  24  24  24  24  24  24  24  24  24  24  24  24  24  24  24  24  24  24
  29  29  29  29  29  29  29  29  29  29  29  29  29  29  29  29  29  29  29  29  29  29  29  29  29  29  29  29  29  25  25  25  25  25  25  25  25  25  25  25  25  25  25  25  25  25  25  25  25  25  25  25  25  25   9   9   9   9   9   9   9   9   9   7   7   7   7   7   7   7  18  18  18  18  18  18  18  18  18  18  18  18  18  18  18  18  18  18  24  24  24  24  24  24  24  24  24  24  24  24  24  24  24  24  24  24  24  24  24  24  24  24
  29  29  29  29  29  29  29  29  29  29  29  29  29  29  29  29  29  29  29  29  29  29  29  29  29  29  29  29  29  25  25  25  25  25  25  25  25  25  25  25  25  25  25  25  25  25  25  25  25  25  25  25  25  25   9   9   9   9   9   9   9   9   9   7   7   7   7   7   7   7  18  18  18  18  18  18  18  18  18  18  18  18  18  18  18  18  18  18  24  24  24  24  24  24  24  24  24  24  24  24  24  24  24  24  24  24  24  24  24  24  24  24
  29  29  29  29  29  29  29  29  29  29  29  29  29  29  29  29  29  29  29  29  29  29  29  29  29  29  29  29  29  25  25  25  25  25  25  25  25  25  25  25  25  25  25  25  25  25  25  25  25  25  25  25  25  25   9   9   9   9   9   9   9   9   9   7   7   7   7   7   7   7  18  18  18  18  18  18  18  18  18  18  18  18  18  18  18  18  18  18  24  24  24  24  24  24  24  24  24  24  24  24  24  24  24  24  24  24  24  24  24  24  24  24
  29  29  29  29  29  29  29  29  29  29  29  29  29  29  29  29  29  29  29  29  29  29  29  29  29  29  29  29  29  25  25  25  25  25  25  25  25  25  25  25  25  25  25  25  25  25  25  25  25  25  25  25  25  25   9   9   9   9   9   9   9   9   9   7   7   7   7   7   7   7  18  18  18  18  18  18  18  18  18  18  18  18  18  18  18  18  18  18  24  24  24  24  24  24  24  24  24  24  24  24  24  24  24  24  24  24  24  24  24  24  24  24
  29  29  29  29  29  29  29  29  29  29  29  29  29  29  29  29  29  29  29  29  29  29  29  29  29  29  29  29  29  25  25  25  25  25  25  25  25  25  25  25  25  25  25  25  25  25  25  25  25  25  25  25  25  25  16  16  16  16  16  16  16  16  16  16  16  16  16  16  16  16  18  18  18  18  18  18  18  18  18  18  18  18  18  18  18  18  18  18  24  24  24  24  24  24  24  24  24  24  24  24  24  24  24  24  24  24  24  24  24  24  24  24
  29  29  29  29  29  29  29  29  29  29  29  29  29  29  29  29  29  29  29  29  29  29  29  29  29  29  29  29  29  25  25  25  25  25  25  25  25  25  25  25  25  25  25  25  25  25  25  25  25  25  25  25  25  25  16  16  16  16  16  16  16  16  16  16  16  16  16  16  16  16  18  18  18  18  18  18  18  18  18  18  18  18  18  18  18  18  18  18  24  24  24  24  24  24  24  24  24  24  24  24  24  24  24  24  24  24  24  24  24  24  24  24
  29  29  29  29  29  29  29  29  29  29  29  29  29  29  29  29  29  29  29  29  29  29  29  29  29  29  29  29  29  25  25  25  25  25  25  25  25  25  25  25  25  25  25  25  25  25  25  25  25  25  25  25  25  25  16  16  16  16  16  16  16  16  16  16  16  16  16  16  16  16  18  18  18  18  18  18  18  18  18  18  18  18  18  18  18  18  18  18  24  24  24  24  24  24  24  24  24  24  24  24  24  24  24  24  24  24  24  24  24  24  24  24
  29  29  29  29  29  29  29  29  29  29  29  29  29  29  29  29  29  29  29  29  29  29  29  29  29  29  29  29  29  25  25  25  25  25  25  25  25  25  25  25  25  25  25  25  25  25  25  25  25  25  25  25  25  25  16  16  16  16  16  16  16  16  16  16  16  16  16  16  16  16  18  18  18  18  18  18  18  18  18  18  18  18  18  18  18  18  18  18  24  24  24  24  24  24  24  24  24  24  24  24  24  24  24  24  24  24  24  24  24  24  24  24
  29  29  29  29  29  29  29  29  29  29  29  29  29  29  29  29  29  29  29  29  29  29  29  29  29  29  29  29  29  25  25  25  25  25  25  25  25  25  25  25  25  25  25  25  25  25  25  25  25  25  25  25  25  25  16  16  16  16  16  16  16  16  16  16  16  16  16  16  16  16  18  18  18  18  18  18  18  18  18  18  18  18  18  18  18  18  18  18  24  24  24  24  24  24  24  24  24  24  24  24  24  24  24  24  24  24  24  24  24  24  24  24
  29  29  29  29  29  29  29  29  29  29  29  29  29  29  29  29  29  29  29  29  29  29  29  29  29  29  29  29  29  25  25  25  25  25  25  25  25  25  25  25  25  25  25  25  25  25  25  25  25  25  25  25  25  25  16  16  16  16  16  16  16  16  16  16  16  16  16  16  16  16  18  18  18  18  18  18  18  18  18  18  18  18  18  18  18  18  18  18  24  24  24  24  24  24  24  24  24  24  24  24  24  24  24  24  24  24  24  24  24  24  24  24
  29  29  29  29  29  29  29  29  29  29  29  29  29  29  29  29  29  29  29  29  29  29  29  29  29  29  29  29  29  25  25  25  25  25  25  25  25  25  25  25  25  25  25  25  25  25  25  25  25  25  25  25  25  25  16  16  16  16  16  16  16  16  16  16  16  16  16  16  16  16  18  18  18  18  18  18  18  18  18  18  18  18  18  18  18  18  18  18  24  24  24  24  24  24  24  24  24  24  24  24  24  24  24  24  24  24  24  24  24  24  24  24
  29  29  29  29  29  29  29  29  29  29  29  29  29  29  29  29  29  29  29  29  29  29  29  29  29  29  29  29  29  25  25  25  25  25  25  25  25  25  25  25  25  25  25  25  25  25  25  25  25  25  25  25  25  25  16  16  16  16  16  16  16  16  16  16  16  16  16  16  16  16  18  18  18  18  18  18  18  18  18  18  18  18  18  18  18  18  18  18  24  24  24  24  24  24  24  24  24  24  24  24  24  24  24  24  24  24  24  24  24  24  24  24
  29  29  29  29  29  29  29  29  29  29  29  29  29  29  29  29  29  29  29  29  29  29  29  29  29  29  29  29  29  25  25  25  25  25  25  25  25  25  25  25  25  25  25  25  25  25  25  25  25  25  25  25  25  25  16  16  16  16  16  16  16  16  16  16  16  16  16  16  16  16  18  18  18  18  18  18  18  18  18  18  18  18  18  18  18  18  18  18  24  24  24  24  24  24  24  24  24  24  24  24  24  24  24  24  24  24  24  24  24  24  24  24
  29  29  29  29  29  29  29  29  29  29  29  29  29  29  29  29  29  29  29  29  29  29  29  29  29  29  29  29  29  25  25  25  25  25  25  25  25  25  25  25  25  25  25  25  25  25  25  25  25  25  25  25  25  25  16  16  16  16  16  16  16  16  16  16  16  16  16  16  16  16  18  18  18  18  18  18  18  18  18  18  18  18  18  18  18  18  18  18  24  24  24  24  24  24  24  24  24  24  24  24  24  24  24  24  24  24  24  24  24  24  24  24
  29  29  29  29  29  29  29  29  29  29  29  29  29  29  29  29  29  29  29  29  29  29  29  29  29  29  29  29  29  25  25  25  25  25  25  25  25  25  25  25  25  25  25  25  25  25  25  25  25  25  25  25  25  25  16  16  16  16  16  16  16  16  16  16  16  16  16  16  16  16  18  18  18  18  18  18  18  18  18  18  18  18  18  18  18  18  18  18  24  24  24  24  24  24  24  24  24  24  24  24  24  24  24  24  24  24  24  24  24  24  24  24
  29  29  29  29  29  29  29  29  29  29  29  29  29  29  29  29  29  29  29  29  29  29  29  29  29  29  29  29  29  25  25  25  25  25  25  25  25  25  25  25  25  25  25  25  25  25  25  25  25  25  25  25  25  25  16  16  16  16  16  16  16  16  16  16  16  16  16  16  16  16  42  42  42  42  42  42  42  42  42  42  42  42  42  42  42  42  42  42  42  42  42  42  42  42  42  42  42  42  42  42  42  42  42  42  42  42  42  42  42  42  42  42
  29  29  29  29  29  29  29  29  29  29  29  29  29  29  29  29  29  29  29  29  29  29  29  29  29  29  29  29  29  25  25  25  25  25  25  25  25  25  25  25  25  25  25  25  25  25  25  25  25  25  25  25  25  25  16  16  16  16  16  16  16  16  16  16  16  16  16  16  16  16  42  42  42  42  42  42  42  42  42  42  42  42  42  42  42  42  42  42  42  42  42  42  42  42  42  42  42  42  42  42  42  42  42  42  42  42  42  42  42  42  42  42
  29  29  29  29  29  29  29  29  29  29  29  29  29  29  29  29  29  29  29  29  29  29  29  29  29  29  29  29  29  25  25  25  25  25  25  25  25  25  25  25  25  25  25  25  25  25  25  25  25  25  25  25  25  25  16  16  16  16  16  16  16  16  16  16  16  16  16  16  16  16  42  42  42  42  42  42  42  42  42  42  42  42  42  42  42  42  42  42  42  42  42  42  42  42  42  42  42  42  42  42  42  42  42  42  42  42  42  42  42  42  42  42
  29  29  29  29  29  29  29  29  29  29  29  29  29  29  29  29  29  29  29  29  29  29  29  29  29  29  29  29  29  25  25  25  25  25  25  25  25  25  25  25  25  25  25  25  25  25  25  25  25  25  25  25  25  25  16  16  16  16  16  16  16  16  16  16  16  16  16  16  16  16  42  42  42  42  42  42  42  42  42  42  42  42  42  42  42  42  42  42  42  42  42  42  42  42  42  42  42  42  42  42  42  42  42  42  42  42  42  42  42  42  42  42
  29  29  29  29  29  29  29  29  29  29  29  29  29  29  29  29  29  29  29  29  29  29  29  29  29  29  29  29  29  25  25  25  25  25  25  25  25  25  25  25  25  25  25  25  25  25  25  25  25  25  25  25  25  25  16  16  16  16  16  16  16  16  16  16  16  16  16  16  16  16  42  42  42  42  42  42  42  42  42  42  42  42  42  42  42  42  42  42  42  42  42  42  42  42  42  42  42  42  42  42  42  42  42  42  42  42  42  42  42  42  42  42
  29  29  29  29  29  29  29  29  29  29  29  29  29  29  29  29  29  29  29  29  29  29  29  29  29  29  29  29  29   4   4   4   4  37  37  37  37  37  37  37  37  37  37  37  37  37  37  37  37  37  37  37  37  37  37  37  37  37  37  37  37  37  37  37  37  37  37  37  37  37  42  42  42  42  42  42  42  42  42  42  42  42  42  42  42  42  42  42  42  42  42  42  42  42  42  42  42  42  42  42  42  42  42  42  42  42  42  42  42  42  42  42
  29  29  29  29  29  29  29  29  29  29  29  29  29  29  29  29  29  29  29  29  29  29  29  29  29  29  29  29  29   4   4   4   4  37  37  37  37  37  37  37  37  37  37  37  37  37  37  37  37  37  37  37  37  37  37  37  37  37  37  37  37  37  37  37  37  37  37  37  37  37  42  42  42  42  42  42  42  42  42  42  42  42  42  42  42  42  42  42  42  42  42  42  42  42  42  42  42  42  42  42  42  42  42  42  42  42  42  42  42  42  42  42
  29  29  29  29  29  29  29  29  29  29  29  29  29  29  29  29  29  29  29  29  29  29  29  29  29  29  29  29  29   4   4   4   4  37  37  37  37  37  37  37  37  37  37  37  37  37  37  37  37  37  37  37  37  37  37  37  37  37  37  37  37  37  37  37  37  37  37  37  37  37  42  42  42  42  42  42  42  42  42  42  42  42  42  42  42  42  42  42  42  42  42  42  42  42  42  42  42  42  42  42  42  42  42  42  42  42  42  42  42  42  42  42
  29  29  29  29  29  29  29  29  29  29  29  29  29  29  29  29  29  29  29  29  29  29  29  29  29  29  29  29  29   4   4   4   4  37  37  37  37  37  37  37  37  37  37  37  37  37  37  37  37  37  37  37  37  37  37  37  37  37  37  37  37  37  37  37  37  37  37  37  37  37  42  42  42  42  42  42  42  42  42  42  42  42  42  42  42  42  42  42  42  42  42  42  42  42  42  42  42  42  42  42  42  42  42  42  42  42  42  42  42  42  42  42
  33  33  33  33  33  33  33  33  33  33  33  33  33  33  33  33  33  33  33  33  33  33  33  33  33  33  33  33  33  33  33  33  33  37  37  37  37  37  37  37  37  37  37  37  37  37  37  37  37  37  37  37  37  37  37  37  37  37  37  37  37  37  37  37  37  37  37  37  37  37  42  42  42  42  42  42  42  42  42  42  42  42  42  42  42  42  42  42  42  42  42  42  42  42  42  42  42  42  42  42  42  42  42  42  42  42  42  42  42  42  42  42
  33  33  33  33  33  33  33  33  33  33  33  33  33  33  33  33  33  33  33  33  33  33  33  33  33  33  33  33  33  33  33  33  33  37  37  37  37  37  37  37  37  37  37  37  37  37  37  37  37  37  37  37  37  37  37  37  37  37  37  37  37  37  37  37  37  37  37  37  37  37  42  42  42  42  42  42  42  42  42  42  42  42  42  42  42  42  42  42  42  42  42  42  42  42  42  42  42  42  42  42  42  42  42  42  42  42  42  42  42  42  42  42
  33  33  33  33  33  33  33  33  33  33  33  33  33  33  33  33  33  33  33  33  33  33  33  33  33  33  33  33  33  33  33  33  33  37  37  37  37  37  37  37  37  37  37  37  37  37  37  37  37  37  37  37  37  37  37  37  37  37  37  37  37  37  37  37  37  37  37  37  37  37  42  42  42  42  42  42  42  42  42  42  42  42  42  42  42  42  42  42  42  42  42  42  42  42  42  42  42  42  42  42  42  42  42  42  42  42  42  42  42  42  42  42
  33  33  33  33  33  33  33  33  33  33  33  33  33  33  33  33  33  33  33  33  33  33  33  33  33  33  33  33  33  33  33  33  33  37  37  37  37  37  37  37  37  37  37  37  37  37  37  37  37  37  37  37  37  37  37  37  37  37  37  37  37  37  37  37  37  37  37  37  37  37  42  42  42  42  42  42  42  42  42  42  42  42  42  42  42  42  42  42  42  42  42  42  42  42  42  42  42  42  42  42  42  42  42  42  42  42  42  42  42  42  42  42
  33  33  33  33  33  33  33  33  33  33  33  33  33  33  33  33  33  33  33  33  33  33  33  33  33  33  33  33  33  33  33  33  33  37  37  37  37  37  37  37  37  37  37  37  37  37  37  37  37  37  37  37  37  37  37  37  37  37  37  37  37  37  37  37  37  37  37  37  37  37  42  42  42  42  42  42  42  42  42  42  42  42  42  42  42  42  42  42  42  42  42  42  42  42  42  42  42  42  42  42  42  42  42  42  42  42  42  42  42  42  42  42
  33  33  33  33  33  33  33  33  33  33  33  33  33  33  33  33  33  33  33  33  33  33  33  33  33  33  33  33  33  33  33  33  33  37  37  37  37  37  37  37  37  37  37  37  37  37  37  37  37  37  37  37  37  37  37  37  37  37  37  37  37  37  37  37  37  37  37  37  37  37  42  42  42  42  42  42  42  42  42  42  42  42  42  42  42  42  42  42  42  42  42  42  42  42  42  42  42  42  42  42  42  42  42  42  42  42  42  42  42  42  42  42
  33  33  33  33  33  33  33  33  33  33  33  33  33  33  33  33  33  33  33  33  33  33  33  33  33  33  33  33  33  33  33  33  33  37  37  37  37  37  37  37  37  37  37  37  37  37  37  37  37  37  37  37  37  37  37  37  37  37  37  37  37  37  37  37  37  37  37  37  37  37  42  42  42  42  42  42  42  42  42  42  42  42  42  42  42  42  42  42  42  42  42  42  42  42  42  42  42  42  42  42  42  42  42  42  42  42  42  42  42  42  42  42
  33  33  33  33  33  33  33  33  33  33  33  33  33  33  33  33  33  33  33  33  33  33  33  33  33  33  33  33  33  33  33  33  33  37  37  37  37  37  37  37  37  37  37  37  37  37  37  37  37  37  37  37  37  37  37  37  37  37  37  37  37  37  37  37  37  37  37  37  37  37  42  42  42  42  42  42  42  42  42  42  42  42  42  42  42  42  42  42  42  42  42  42  42  42  42  42  42  42  42  42  42  42  42  42  42  42  42  42  42  42  42  42
  33  33  33  33  33  33  33  33  33  33  33  33  33  33  33  33  33  33  33  33  33  33  33  33  33  33  33  33  33  33  33  33  33  37  37  37  37  37  37  37  37  37  37  37  37  37  37  37  37  37  37  37  37  37  37  37  37  37  37  37  37  37  37  37  37  37  37  37  37  37  42  42  42  42  42  42  42  42  42  42  42  42  42  42  42  42  42  42  42  42  42  42  42  42  42  42  42  42  42  42  42  42  42  42  42  42  42  42  42  42  42  42
  33  33  33  33  33  33  33  33  33  33  33  33  33  33  33  33  33  33  33  33  33  33  33  33  33  33  33  33  33  33  33  33  33  37  37  37  37  37  37  37  37  37  37  37  37  37  37  37  37  37  37  37  37  37  37  37  37  37  37  37  37  37  37  37  37  37  37  37  37  37  42  42  42  42  42  42  42  42  42  42  42  42  42  42  42  42  42  42  42  42  42  42  42  42  42  42  42  42  42  42  42  42  42  42  42  42  42  42  42  42  42  42
  33  33  33  33  33  33  33  33  33  33  33  33  33  33  33  33  33  33  33  33  33  33  33  33  33  33  33  33  33  33  33  33  33  37  37  37  37  37  37  37  37  37  37  37  37  37  37  37  37  37  37  37  37  37  37  37  37  37  37  37  37  37  37  37  37  37  37  37  37  37  42  42  42  42  42  42  42  42  42  42  42  42  42  42  42  42  42  42  42  42  42  42  42  42  42  42  42  42  42  42  42  42  42  42  42  42  42  42  42  42  42  42
  33  33  33  33  33  33  33  33  33  33  33  33  33  33  33  33  33  33  33  33  33  33  33  33  33  33  33  33  33  33  33  33  33  37  37  37  37  37  37  37  37  37  37  37  37  37  37  37  37  37  37  37  37  37  37  37  37  37  37  37  37  37  37  37  37  37  37  37  37  37  42  42  42  42  42  42  42  42  42  42  42  42  42  42  42  42  42  42  42  42  42  42  42  42  42  42  42  42  42  42  42  42  42  42  42  42  42  42  42  42  42  42
  33  33  33  33  33  33  33  33  33  33  33  33  33  33  33  33  33  33  33  33  33  33  33  33  33  33  33  33  33  33  33  33  33  37  37  37  37  37  37  37  37  37  37  37  37  37  37  37  37  37  37  37  37  37  37  37  37  37  37  37  37  37  37  37  37  37  37  37  37  37  42  42  42  42  42  42  42  42  42  42  42  42  42  42  42  42  42  42  42  42  42  42  42  42  42  42  42  42  42  42  42  42  42  42  42  42  42  42  42  42  42  42
  33  33  33  33  33  33  33  33  33  33  33  33  33  33  33  33  33  33  33  33  33  33  33  33  33  33  33  33  33  33  33  33  33  37  37  37  37  37  37  37  37  37  37  37  37  37  37  37  37  37  37  37  37  37  37  37  37  37  37  37  37  37  37  37  37  37  37  37  37  37  42  42  42  42  42  42  42  42  42  42  42  42  42  42  42  42  42  42  42  42  42  42  42  42  42  42  42  42  42  42  42  42  42  42  42  42  42  42  42  42  42  42
  33  33  33  33  33  33  33  33  33  33  33  33  33  33  33  33  33  33  33  33  33  33  33  33  33  33  33  33  33  33  33  33  33  37  37  37  37  37  37  37  37  37  37  37  37  37  37  37  37  37  37  37  37  37  37  37  37  37  37  37  37  37  37  37  37  37  37  37  37  37  42  42  42  42  42  42  42  42  42  42  42  42  42  42  42  42  42  42  42  42  42  42  42  42  42  42  42  42  42  42  42  42  42  42  42  42  42  42  42  42  42  42
  33  33  33  33  33  33  33  33  33  33  33  33  33  33  33  33  33  33  33  33  33  33  33  33  33  33  33  33  33  33  33  33  33  37  37  37  37  37  37  37  37  37  37  37  37  37  37  37  37  37  37  37  37  37  37  37  37  37  37  37  37  37  37  37  37  37  37  37  37  37  42  42  42  42  42  42  42  42  42  42  42  42  42  42  42  42  42  42  42  42  42  42  42  42  42  42  42  42  42  42  42  42  42  42  42  42  42  42  42  42  42  42
  33  33  33  33  33  33  33  33  33  33  33  33  33  33  33  33  33  33  33  33  33  33  33  33  33  33  33  33  33  33  33  33  33  37  37  37  37  37  37  37  37  37  37  37  37  37  37  37  37  37  37  37  37  37  37  37  37  37  37  37  37  37  37  37  37  37  37  37  37  37  42  42  42  42  42  42  42  42  42  42  42  42  42  42  42  42  42  42  42  42  42  42  42  42  42  42  42  42  42  42  42  42  42  42  42  42  42  42  42  42  42  42
  33  33  33  33  33  33  33  33  33  33  33  33  33  33  33  33  33  33  33  33  33  33  33  33  33  33  33  33  33  33  33  33  33  37  37  37  37  37  37  37  37  37  37  37  37  37  37  37  37  37  37  37  37  37  37  37  37  37  37  37  37  37  37  37  37  37  37  37  37  37  42  42  42  42  42  42  42  42  42  42  42  42  42  42  42  42  42  42  42  42  42  42  42  42  42  42  42  42  42  42  42  42  42  42  42  42  42  42  42  42  42  42
  33  33  33  33  33  33  33  33  33  33  33  33  33  33  33  33  33  33  33  33  33  33  33  33  33  33  33  33  33  33  33  33  33  37  37  37  37  37  37  37  37  37  37  37  37  37  37  37  37  37  37  37  37  37  37  37  37  37  37  37  37  37  37  37  37  37  37  37  37  37  42  42  42  42  42  42  42  42  42  42  42  42  42  42  42  42  42  42  42  42  42  42  42  42  42  42  42  42  42  42  42  42  42  42  42  42  42  42  42  42  42  42
  33  33  33  33  33  33  33  33  33  33  33  33  33  33  33  33  33  33  33  33  33  33  33  33  33  33  33  33  33  33  33  33  33  37  37  37  37  37  37  37  37  37  37  37  37  37  37  37  37  37  37  37  37  37  37  37  37  37  37  37  37  37  37  37  37  37  37  37  37  37  42  42  42  42  42  42  42  42  42  42  42  42  42  42  42  42  42  42  42  42  42  42  42  42  42  42  42  42  42  42  42  42  42  42  42  42  42  42  42  42  42  42
  33  33  33  33  33  33  33  33  33  33  33  33  33  33  33  33  33  33  33  33  33  33  33  33  33  33  33  33  33  33  33  33  33  37  37  37  37  37  37  37  37  37  37  37  37  37  37  37  37  37  37  37  37  37  37  37  37  37  37  37  37  37  37  37  37  37  37  37  37  37  42  42  42  42  42  42  42  42  42  42  42  42  42  42  42  42  42  42  42  42  42  42  42  42  42  42  42  42  42  42  42  42  42  42  42  42  42  42  42  42  42  42
  33  33  33  33  33  33  33  33  33  33  33  33  33  33  33  33  33  33  33  33  33  33  33  33  33  33  33  33  33  33  33  33  33  37  37  37  37  37  37  37  37  37  37  37  37  37  37  37  37  37  37  37  37  37  37  37  37  37  37  37  37  37  37  37  37  37  37  37  37  37  42  42  42  42  42  42  42  42  42  42  42  42  42  42  42  42  42  42  42  42  42  42  42  42  42  42  42  42  42  42  42  42  42  42  42  42  42  42  42  42  42  42
  33  33  33  33  33  33  33  33  33  33  33  33  33  33  33  33  33  33  33  33  33  33  33  33  33  33  33  33  33  33  33  33  33  37  37  37  37  37  37  37  37  37  37  37  37  37  37  37  37  37  37  37  37  37  37  37  37  37  37  37  37  37  37  37  37  37  37  37  37  37  42  42  42  42  42  42  42  42  42  42  42  42  42  42  42  42  42  42  42  42  42  42  42  42  42  42  42  42  42  42  42  42  42  42  42  42  42  42  42  42  42  42
  33  33  33  33  33  33  33  33  33  33  33  33  33  33  33  33  33  33  33  33  33  33  33  33  33  33  33  33  33  33  33  33  33  37  37  37  37  37  37  37  37  37  37  37  37  37  37  37  37  37  37  37  37  37  37  37  37  37  37  37  37  37  37  37  37  37  37  37  37  37  42  42  42  42  42  42  42  42  42  42  42  42  42  42  42  42  42  42  42  42  42  42  42  42  42  42  42  42  42  42  42  42  42  42  42  42  42  42  42  42  42  42
  33  33  33  33  33  33  33  33  33  33  33  33  33  33  33  33  33  33  33  33  33  33  33  33  33  33  33  33  33  33  33  33  33  37  37  37  37  37  37  37  37  37  37  37  37  37  37  37  37  37  37  37  37  37  37  37  37  37  37  37  37  37  37  37  37  37  37  37  37  37  42  42  42  42  42  42  42  42  42  42  42  42  42  42  42  42  42  42  42  42  42  42  42  42  42  42  42  42  42  42  42  42  42  42  42  42  42  42  42  42  42  42
  33  33  33  33  33  33  33  33  33  33  33  33  33  33  33  33  33  33  33  33  33  33  33  33  33  33  33  33  33  33  33  33  33  37  37  37  37  37  37  37  37  37  37  37  37  37  37  37  37  37  37  37  37  37  37  37  37  37  37  37  37  37  37  37  37  37  37  37  37  37  42  42  42  42  42  42  42  42  42  42  42  42  42  42  42  42  42  42  42  42  42  42  42  42  42  42  42  42  42  42  42  42  42  42  42  42  42  42  42  42  42  42
  33  33  33  33  33  33  33  33  33  33  33  33  33  33  33  33  33  33  33  33  33  33  33  33  33  33  33  33  33  33  33  33  33  37  37  37  37  37  37  37  37  37  37  37  37  37  37  37  37  37  37  37  37  37  37  37  37  37  37  37  37  37  37  37  37  37  37  37  37  37  42  42  42  42  42  42  42  42  42  42  42  42  42  42  42  42  42  42  42  42  42  42  42  42  42  42  42  42  42  42  42  42  42  42  42  42  42  42  42  42  42  42
  33  33  33  33  33  33  33  33  33  33  33  33  33  33  33  33  33  33  33  33  33  33  33  33  33  33  33  33  33  33  33  33  33  37  37  37  37  37  37  37  37  37  37  37  37  37  37  37  37  37  37  37  37  37  37  37  37  37  37  37  37  37  37  37  37  37  37  37  37  37  42  42  42  42  42  42  42  42  42  42  42  42  42  42  42  42  42  42  42  42  42  42  42  42  42  42  42  42  42  42  42  42  42  42  42  42  42  42  42  42  42  42
  33  33  33  33  33  33  33  33  33  33  33  33  33  33  33  33  33  33  33  33  33  33  33  33  33  33  33  33  33  33  33  33  33  37  37  37  37  37  37  37  37  37  37  37  37  37  37  37  37  37  37  37  37  37  37  37  37  37  37  37  37  37  37  37  37  37  37  37  37  37  42  42  42  42  42  42  42  42  42  42  42  42  42  42  42  42  42  42  42  42  42  42  42  42  42  42  42  42  42  42  42  42  42  42  42  42  42  42  42  42  42  42
  33  33  33  33  33  33  33  33  33  33  33  33  33  33  33  33  33  33  33  33  33  33  33  33  33  33  33  33  33  33  33  33  33  37  37  37  37  37  37  37  37  37  37  37  37  37  37  37  37  37  37  37  37  37  37  37  37  37  37  37  37  37  37  37  37  37  37  37  37  37  42  42  42  42  42  42  42  42  42  42  42  42  42  42  42  42  42  42  42  42  42  42  42  42  42  42  42  42  42  42  42  42  42  42  42  42  42  42  42  42  42  42
  33  33  33  33  33  33  33  33  33  33  33  33  33  33  33  33  33  33  33  33  33  33  33  33  33  33  33  33  33  33  33  33  33  37  37  37  37  37  37  37  37  37  37  37  37  37  37  37  37  37  37  37  37  37  37  37  37  37  37  37  37  37  37  37  37  37  37  37  37  37  42  42  42  42  42  42  42  42  42  42  42  42  42  42  42  42  42  42  42  42  42  42  42  42  42  42  42  42  42  42  42  42  42  42  42  42  42  42  42  42  42  42
  33  33  33  33  33  33  33  33  33  33  33  33  33  33  33  33  33  33  33  33  33  33  33  33  33  33  33  33  33  33  33  33  33  37  37  37  37  37  37  37  37  37  37  37  37  37  37  37  37  37  37  37  37  37  37  37  37  37  37  37  37  37  37  37  37  37  37  37  37  37  42  42  42  42  42  42  42  42  42  42  42  42  42  42  42  42  42  42  42  42  42  42  42  42  42  42  42  42  42  42  42  42  42  42  42  42  42  42  42  42  42  42
  33  33  33  33  33  33  33  33  33  33  33  33  33  33  33  33  33  33  33  33  33  33  33  33  33  33  33  33  33  33  33  33  33  37  37  37  37  37  37  37  37  37  37  37  37  37  37  37  37  37  37  37  37  37  37  37  37  37  37  37  37  37  37  37  37  37  37  37  37  37  42  42  42  42  42  42  42  42  42  42  42  42  42  42  42  42  42  42  42  42  42  42  42  42  42  42  42  42  42  42  42  42  42  42  42  42  42  42  42  42  42  42
